               1                        
                                        
                                        
                                        
             1                          
         1                              
                                        
                1                       
                                        
           1                            
        1      1                    3  3
                                        
        1 11                            
   1  11                       3        
                                        
       111   1                          
                                        
   1 1 111 1      0 33                  
       11            3    3             
                                        
 1 11  1         0    30   330 3        
                                        
   1 11               3   3 3           
11   111   2  22 000   00 33  33   33   
                                        
 1            22  00030 0       3       
                                        
              020  00030   0     3  3   
         2    2 0 0  00                 
                                        
             2 22  0                3   
      2 2    220     0    3             
                                        
      2      2                          
                                        
  1    2     2       0                  
                  0 0                   
                                        
                                        
       2                                